-5.912204 2.303442
-5.572076 1.973831
-5.446485 2.096533
-5.436019 1.871681
-5.875066 2.329348
-6.476990 2.325526
-5.515429 2.071562
-5.850423 2.149480
-5.158513 1.776427
-5.644582 1.991906
-6.264827 2.427279
-5.751504 2.021424
-5.480171 1.979724
-4.950642 2.049478
-6.525285 2.917748
-6.789605 2.825500
-6.271730 2.609085
-5.928991 2.268966
-6.647574 2.391262
-6.094243 2.361543
-6.253520 2.122033
-6.073052 2.272578
-5.369338 2.498575
-6.040555 1.878367
-5.905450 1.808754
-5.749823 1.860634
-5.935314 2.009639
-6.038635 2.261135
-5.949341 2.277536
-5.600430 1.883863
-5.637568 1.857957
-6.184466 2.194861
-6.249721 2.622545
-6.478523 2.799197
-5.644582 1.991906
-5.620520 2.253172
-6.161356 2.488664
-5.644582 1.991906
-5.145177 1.901805
-5.925540 2.178063
-5.802560 2.311273
-4.971229 1.514490
-5.221134 2.010783
-6.006869 1.995176
-6.316291 2.043508
-5.513747 1.910772
-6.128770 2.325129
-5.422683 1.997060
-6.189710 2.398696
-5.761129 2.165881
-9.120340 -0.070022
-8.583797 -0.134217
-9.126662 -0.329350
-7.275784 -0.458464
-8.558313 -0.394479
-7.872488 -0.483303
-8.666077 -0.284566
-6.453493 0.024183
-8.637833 -0.242456
-7.167822 -0.289844
-6.479325 -0.306970
-7.978310 -0.173440
-7.563026 -0.266610
-8.330352 -0.490737
-7.373514 0.180612
-8.703065 0.002409
-7.906904 -0.471859
-7.654001 -0.122221
-8.053775 -0.736273
-7.341968 -0.181062
-8.412522 -0.593229
-7.916379 -0.014521
-8.448088 -0.827782
-8.258797 -0.476274
-8.333654 -0.086952
-8.589969 -0.080663
-8.869506 -0.416034
-9.023341 -0.580846
-8.169393 -0.412016
-7.233015 0.220046
-7.177557 -0.193244
-7.109454 -0.087878
-7.584947 -0.049393
-8.418114 -0.980809
-7.756671 -0.529026
-8.376075 -0.174047
-8.873798 -0.244736
-8.081979 -0.513359
-7.668068 -0.119348
-7.351742 -0.349486
-7.578193 -0.544081
-8.317016 -0.365358
-7.598283 -0.174772
-6.490631 -0.001723
-7.605447 -0.353705
-7.777712 -0.127179
-7.756521 -0.216144
-8.183420 -0.144118
-6.504548 0.314032
-7.667227 -0.199743
-9.484264 -1.516417
-8.318244 -1.141403
-9.852795 -1.242426
-9.009573 -1.209483
-9.367567 -1.377511
-10.587585 -1.595740
-7.224768 -1.013338
-10.119947 -1.419881
-9.260755 -1.454886
-10.325567 -1.166592
-9.050744 -0.703352
-8.871575 -1.111684
-9.422185 -1.044616
-8.132642 -1.242550
-8.440162 -1.259293
-9.128621 -0.977142
-9.146470 -1.026938
-11.034636 -1.236611
-10.698308 -2.066734
-8.160116 -1.147888
-9.709465 -1.117786
-8.120147 -1.036776
-10.621271 -1.712549
-8.574410 -0.822232
-9.563634 -1.051512
-10.004821 -1.072328
-8.485957 -0.725436
-8.538113 -0.715931
-9.097075 -1.338816
-9.792657 -0.970574
-10.071242 -1.338483
-10.997348 -0.897823
-9.113863 -1.373292
-8.664655 -0.806095
-8.678251 -1.292213
-10.439702 -1.281659
-9.300195 -1.143893
-9.109332 -1.001032
-8.411681 -0.673624
-9.483965 -0.890654
-9.486726 -1.193028
-9.363596 -0.746936
-8.318244 -1.141403
-9.736979 -1.288149
-9.630786 -1.189415
-9.226698 -0.929481
-8.566555 -1.036575
-9.026101 -0.883220
-9.105660 -0.996221
-8.490509 -0.914877
