2.854980307899562808e-01 -1.697810320837263465e+00
1.682527261077305658e-01 -1.658852421641274333e+00
2.448774803086034568e-01 -1.555881692339861289e+00
3.046823554615283314e-01 -1.393300557654499006e+00
3.411712983463157656e-01 -1.617108954559026923e+00
2.815511222833431138e-01 -1.546584501193152494e+00
2.830863617063638094e-01 -1.351461666078488388e+00
3.105811250310348548e-01 -1.593661189406962109e+00
2.506832012081467997e-01 -1.360298304559077742e+00
3.204726283171490664e-01 -1.630722837011294057e+00
3.164798946005414892e-01 -1.794021821159424324e+00
3.913374868284729136e-01 -1.408810691698423323e+00
2.761121607345354834e-01 -1.643437712091113223e+00
2.870332702129770874e-01 -1.502687485722599803e+00
2.182133214345095551e-01 -2.169678462677068431e+00
3.063355746990804596e-01 -1.765615654126001299e+00
1.426639986359585777e-01 -1.780312514213393982e+00
2.006558866059474644e-01 -1.650015783160685423e+00
2.646854180254002431e-01 -1.801498899601445380e+00
3.333455988584841378e-01 -1.539107422751131882e+00
2.879555250835431623e-01 -1.729634171803797305e+00
2.158474775609119378e-01 -1.508805004126051452e+00
2.943533364701151900e-01 -1.597999978672312249e+00
6.982498674634118885e-02 -1.414114936145344004e+00
4.955028295640113156e-01 -1.233514681933242318e+00
2.146789974886269547e-01 -1.605197662357892519e+00
1.756186175748631895e-01 -1.439640110798745543e+00
2.972025212590063692e-01 -1.702587564808942133e+00
2.298247632335966850e-01 -1.778511687115500450e+00
3.490428230441418034e-01 -1.380585682574679840e+00
2.933695554877824296e-01 -1.461287048852916381e+00
4.882767489183315046e-02 -1.750909102960761743e+00
5.779805281243964865e-01 -1.645429388176533614e+00
4.220207088137171159e-01 -1.828202476383734787e+00
3.204726283171490664e-01 -1.630722837011294057e+00
1.411038280683694079e-01 -1.803941437275138782e+00
1.587070881069262418e-01 -2.009079312999279665e+00
3.204726283171490664e-01 -1.630722837011294057e+00
2.486173974098643269e-01 -1.401238188762640391e+00
2.875638345882389757e-01 -1.656870436633700816e+00
1.889513961368972650e-01 -1.645238539189007199e+00
-8.783387701188521968e-02 -1.539097731673285452e+00
3.139293516369913162e-01 -1.366253950659644723e+00
3.859030632040894027e-02 -1.326558916394091847e+00
3.873905783218596355e-01 -1.257584872054312353e+00
1.064278723665178505e-01 -1.547848636737957140e+00
4.529095239543389217e-01 -1.528469957172649218e+00
3.026165516632456365e-01 -1.434240441858061654e+00
3.394971850433375904e-01 -1.730812573932685172e+00
2.432033670056251706e-01 -1.669585311713520204e+00
-1.220853790810419448e-01 -4.494718157638672995e-01
-1.382673424319675048e-01 -1.392858012369770915e-01
-1.471226481121262197e-01 -2.390961434019278631e-01
-2.289401386600882216e-01 -1.155807392882637341e-01
-2.571867604171715893e-01 -2.140315214146462086e-01
6.191407058136780273e-02 1.376213777910487712e-01
-9.799265723592451294e-02 1.060741092279591236e-01
-4.670645272064519182e-02 -2.712407726914892736e-01
-7.786378537838613278e-02 -3.553377249430433871e-01
-1.488282839733010843e-01 1.333780130194612834e-01
-1.309040897940028370e-01 -2.875544896140984630e-01
-1.926581871806529733e-01 -3.351981297145867345e-02
-1.221561354356049955e-01 -5.925027075031902291e-01
-1.289769643656873965e-02 6.693505212229000634e-02
-1.949086900688875856e-01 -3.075652852262575898e-01
-1.898548276017558989e-01 -4.526322029003295722e-01
-1.944097311672660089e-02 3.314039384739398963e-01
1.218801119296505781e-01 -3.201916145371633826e-01
-4.187925326820107763e-01 -1.877884972984762424e-01
-5.168296741958565421e-02 -2.978268270202233392e-01
-1.735419800344760177e-01 4.954400576916329069e-01
-2.037639957490465503e-01 -4.073756273912085835e-01
-2.049547681367314689e-01 3.520662564952004026e-02
1.241306148178853569e-01 -4.614614228236368909e-02
-1.359945472283327073e-01 -4.042152402547469769e-01
-1.994935142725232924e-01 -4.069150747250880329e-01
-1.719529257378581977e-01 -3.345897942613207388e-01
-2.687065517962693995e-01 2.385131060826894966e-02
-1.441661120014741393e-01 6.107483051548578956e-02
-9.608926021219368896e-02 -6.250665058922846296e-01
-9.604343500219922336e-02 -3.105417021000428379e-01
-4.592307173003626342e-02 -4.167682430316811404e-01
-1.172477382620593089e-01 -3.414665456941281541e-01
-8.598952494153339066e-02 4.244771496194308380e-01
2.659360776886537936e-02 4.578224329274173110e-01
-6.572837061766551026e-02 1.963299634495525581e-01
-1.705316290502265353e-01 -2.295416554585705260e-01
-2.741913385550714954e-01 -3.875267040819332376e-01
1.135619160390648197e-02 2.086850100542214648e-03
-1.636281844329611213e-01 -8.059650118526828777e-02
9.275706051199608670e-02 1.228290932098933252e-01
-1.496350023485146230e-02 2.599516791872713561e-02
-1.151819344637766418e-01 -3.005266614905655054e-01
-1.023797202770046766e-01 -3.519421389697261482e-01
-5.188995882493777079e-02 8.042496201109639031e-03
1.079028262569656504e-01 -5.048493154771471758e-02
-9.595295040606882653e-03 -2.018251292263451013e-02
-8.995996634274072701e-02 -2.777967458012686741e-01
-2.490925434122207016e-01 -5.076686201820725941e-01
-7.697305306601680275e-02 -9.610663522919304924e-02
-4.101888030380046457e-01 1.295840990632946221e+00
-2.944813766079679151e-01 6.942792571026423776e-01
-3.876482620968734749e-01 4.880805017031690785e-01
-8.580482585158133446e-02 6.575827376706676608e-01
-3.691084445359529287e-01 8.566985194851204355e-01
-2.596822479279308205e-01 5.810582883548968125e-01
-1.912841139529901646e-01 7.819971491567790922e-01
-7.292526389661824204e-02 4.345142881887013031e-01
-2.390543342533270610e-01 4.516412790678412392e-01
-4.846547047706317168e-01 8.378661260018487322e-01
-3.771646683237310782e-01 3.870696594495368625e-01
-3.631415574410515323e-01 4.318877802523292120e-01
-4.574835144158702072e-01 4.439802303631439351e-01
-4.563399654881540868e-01 7.118668006479034194e-01
-6.860361204144489466e-01 9.507440645370299759e-01
-5.392302486092692693e-01 7.105265262161298834e-01
-1.339052105354556765e-01 4.902243590136273754e-01
-7.157208473438159135e-02 7.640125344717781930e-01
-4.788423924574600754e-01 7.187656500405039672e-01
-1.991490472371881260e-01 2.307900134303038087e-01
-5.154295771758645728e-01 6.282083031026768349e-01
-3.700765246165135247e-01 7.691204017740758125e-01
-2.284475675019989049e-01 4.935022686036446560e-01
-3.941692464616309843e-01 2.135744767822496115e-01
-2.670547308086915761e-01 6.765298412544969997e-01
-5.610538484866994802e-02 3.749038828047517313e-01
-3.732177598171180222e-01 2.358438398054252261e-01
-2.501667342353484091e-01 3.924693283902207508e-01
-3.960045259599677125e-01 7.202649844221641340e-01
-2.117661253147151701e-02 1.274665628384794580e-01
-2.828842374606790888e-01 2.847434530769203942e-01
-5.208771998749406329e-02 3.667089548999635795e-01
-4.808466701439766400e-01 7.680595220987421756e-01
-3.754327497234893896e-02 2.045469893141338424e-01
2.016304004293557051e-01 5.403467242633402945e-01
-6.259927312979751690e-01 3.212781002060114410e-01
-4.315778053878168707e-01 1.031810558987623860e+00
-7.823194297909630279e-02 5.709257252918632508e-01
-2.618712247043988306e-01 3.972465723618987532e-01
-4.825666086569488367e-01 3.398310989328421350e-01
-6.216148984996914262e-01 7.264972129261747513e-01
-7.564162397605049826e-01 2.601241645208163256e-01
-2.944813766079679151e-01 6.942792571026423776e-01
-4.229687249093761481e-01 8.082815568395369521e-01
-6.064233075447269528e-01 8.677079919608089442e-01
-7.083158550766301964e-01 4.274825431778577212e-01
-5.096015639609208225e-01 2.848167796108922456e-01
-4.077548416390117669e-01 4.105174246016021211e-01
-3.931619325847040547e-01 9.303612620276643375e-01
-1.346885915260646049e-01 6.357518293538186871e-01
