-2.565348886670871131e+00 4.670089713884496341e+00
-2.554769579825059367e+00 4.159671543429972473e+00
-2.381197819161357199e+00 4.284348688949227046e+00
-2.532026822755712114e+00 4.135025200873065465e+00
-2.521702337947009376e+00 4.725607519098867115e+00
-2.952368061727896453e+00 5.141541151229002793e+00
-2.449849485630050783e+00 4.443741909315781946e+00
-2.629899227049248722e+00 4.534407760898848672e+00
-2.402291513864530881e+00 3.904585900173310975e+00
-2.593110465178199764e+00 4.206071281206264167e+00
-2.727771631342784886e+00 4.933790320924632766e+00
-2.650803018703763669e+00 4.454243613127571777e+00
-2.485103479124619597e+00 4.097672398401643434e+00
-2.062830310573025905e+00 3.972290471971275938e+00
-2.566808045988385523e+00 5.374097486221955933e+00
-2.823077477922483869e+00 5.712503698204935532e+00
-2.607253408863983157e+00 5.196107291591056665e+00
-2.602327551590579269e+00 4.698827552572442556e+00
-3.024410817093514225e+00 5.123808120007448785e+00
-2.655728875977167114e+00 4.951523352146184997e+00
-2.933206296604131680e+00 4.640169916079348589e+00
-2.703666653840005374e+00 4.891482079279380280e+00
-2.045837941960169548e+00 4.647128434099394134e+00
-2.957039096964190872e+00 4.537820401567289608e+00
-2.909639008351698308e+00 4.413319007856031817e+00
-2.760014342037747870e+00 4.165649779589326585e+00
-2.790135220104642766e+00 4.578241903184228079e+00
-2.684314985667581421e+00 4.689709485134364364e+00
-2.608995435394733775e+00 4.614571908670125566e+00
-2.640033808809292282e+00 4.243424083677686198e+00
-2.683680357533154037e+00 4.187906278463315424e+00
-2.834606300011591529e+00 4.724928663636268844e+00
-2.581581643089092104e+00 5.193646315774930855e+00
-2.619384839191886361e+00 5.424588720129288610e+00
-2.593110465178199764e+00 4.206071281206264167e+00
-2.392981463287573884e+00 4.397774143060885876e+00
-2.609819966577819894e+00 4.816776474336537106e+00
-2.593110465178199764e+00 4.206071281206264167e+00
-2.305053737705422545e+00 4.007006546818577597e+00
-2.662586662829980355e+00 4.567669067239230607e+00
-2.483361452593869423e+00 4.679207781322574533e+00
-2.451433629007773618e+00 3.447551910963639443e+00
-2.283135511819161856e+00 4.184564769928082129e+00
-2.853133437000928474e+00 4.724496692114873220e+00
-3.037822193760788547e+00 4.925695050472077341e+00
-2.559060808964035427e+00 4.155148075777536754e+00
-2.705028874273437189e+00 4.909143978367725758e+00
-2.434789046596603335e+00 4.237445847518332087e+00
-2.695084195562052809e+00 4.900529014584250831e+00
-2.554579676776400188e+00 4.459270184434609874e+00
-6.510227370497945643e+00 4.930400605955902016e+00
-6.178524094301305780e+00 4.786853676782585332e+00
-6.698035039012008696e+00 4.809814956567686650e+00
-5.477618542843584848e+00 3.699221913803054651e+00
-6.341326645070537005e+00 4.451357001813443404e+00
-5.919591165769288565e+00 4.141432408805011178e+00
-6.344413536929108588e+00 4.843826250503874498e+00
-4.555648177945093025e+00 3.597710416885272267e+00
-6.289097638068722240e+00 4.515921742332684730e+00
-5.286419785432598495e+00 3.996933814779378480e+00
-4.804729391930301574e+00 3.248572206825618203e+00
-5.778169151635973222e+00 4.483913527242712860e+00
-5.541078839931250499e+00 3.690535817886371639e+00
-6.248917787300750426e+00 4.364711514228209133e+00
-5.099436648101622005e+00 4.319724029834003609e+00
-6.164288186450946228e+00 4.782762180651545236e+00
-5.938942833941712962e+00 4.343205002950027094e+00
-5.507187066870113945e+00 4.054267227888855629e+00
-6.222740352171145517e+00 3.832539948554299691e+00
-5.328151759682661748e+00 3.866207300967561267e+00
-6.384858899804706667e+00 4.665836055872976118e+00
-5.618947592812324032e+00 4.342685309619104927e+00
-6.567665101986399634e+00 4.077572449196883220e+00
-6.185919570404465162e+00 4.218456725297563992e+00
-5.964886776859324335e+00 4.490323734923462595e+00
-6.142559863613343829e+00 4.660721762756410591e+00
-6.574967613924980192e+00 4.495120011965615170e+00
-6.803855273449069152e+00 4.698347374617550365e+00
-6.080651690007770505e+00 4.387471116756801237e+00
-4.967786764736642269e+00 4.014076020536803568e+00
-5.220144773629082025e+00 3.757808418162941422e+00
-5.096887445493396562e+00 3.742712114565508230e+00
-5.408587070277573794e+00 4.139025975445775885e+00
-6.657220560109608165e+00 4.156801521792162113e+00
-5.873567962380249696e+00 4.276682390269263223e+00
-6.062834790211827141e+00 4.860104513218509226e+00
-6.460102841018589004e+00 4.770575414067950604e+00
-6.084232681953352539e+00 3.910746224164054041e+00
-5.519870851238382947e+00 4.340295465936188535e+00
-5.455700316957324603e+00 3.876780136912559183e+00
-5.752877191958400083e+00 3.882255269417310473e+00
-6.151680011141641202e+00 4.467132160873475755e+00
-5.505824846436682130e+00 4.036605328800510151e+00
-4.599294726668954780e+00 3.542192611670901492e+00
-5.639026853283753304e+00 4.060316596181418269e+00
-5.601858285315385544e+00 4.331177398498110342e+00
-5.649796063178223804e+00 4.271136125631304736e+00
-5.899511905297861070e+00 4.423801122242698725e+00
-4.388206611835198778e+00 3.822674585080275023e+00
-5.574476512905375714e+00 4.195998549167065050e+00
-7.798844143014198593e+00 4.925126842518715797e+00
-6.702781683307268423e+00 4.176492425175237777e+00
-7.859027645194633926e+00 4.823570138916241312e+00
-7.238715287484850158e+00 4.423411665846136209e+00
-7.613603032213973165e+00 4.666381674652410716e+00
-8.626415466610140470e+00 4.894385924984554492e+00
-5.838883678031658420e+00 3.723955978169486869e+00
-8.169540287804016643e+00 4.660533983616359066e+00
-7.585858808812255383e+00 4.174057374807627951e+00
-8.146432389427371135e+00 5.477174399155894768e+00
-6.913776833976447378e+00 4.881954966019616649e+00
-7.071463624423615535e+00 4.348777193036500677e+00
-7.415850684988524399e+00 4.778352360257150266e+00
-6.642712475116526960e+00 4.008052269503812326e+00
-6.876715894962678099e+00 4.408960730169721565e+00
-7.164582719386796583e+00 4.907624105562048200e+00
-7.206852382887205088e+00 4.592354925172165814e+00
-8.694687326981515696e+00 5.652976427360386857e+00
-9.035732673650743507e+00 4.589081857210279836e+00
-6.588758796689573316e+00 3.697809660420968036e+00
-7.673134551154368488e+00 5.019364496901902228e+00
-6.490869037290426746e+00 4.254769832918199768e+00
-8.730321126573402424e+00 4.707709634436971768e+00
-6.656682870859262913e+00 4.341344188370227286e+00
-7.522843236810358825e+00 4.984145318399997748e+00
-7.845139523545959115e+00 4.934534617211775220e+00
-6.526757658919422056e+00 4.410503528675111085e+00
-6.558430660468408391e+00 4.541158910353720657e+00
-7.393297830967836326e+00 4.454107376695604970e+00
-7.620543093160847548e+00 4.726783786907404306e+00
-8.077608175015630110e+00 4.661037087270961443e+00
-8.427268879055628048e+00 5.702947967936797369e+00
-7.430276495887544463e+00 4.482845215383551185e+00
-6.707345089588964804e+00 4.316626713680111749e+00
-7.058303095073945599e+00 3.975600363749331123e+00
-8.301666916150395537e+00 5.053330584153397531e+00
-7.405791712287447481e+00 5.039734255747576164e+00
-7.163205834163343333e+00 4.647872730386536588e+00
-6.439464561471698545e+00 4.521539139103852634e+00
-7.351300344610148585e+00 4.914034313242797936e+00
-7.569418794239765269e+00 4.906442146444846664e+00
-7.166421684801628444e+00 5.012434595890231215e+00
-6.702781683307268423e+00 4.176492425175237777e+00
-7.813004441805593281e+00 4.958820120380493357e+00
-7.670757896489190486e+00 5.099096673151783499e+00
-7.198284589399274402e+00 4.843491336564202498e+00
-6.801858424881209508e+00 4.178882268858155058e+00
-7.021973723078686724e+00 4.690755207819599093e+00
-7.163568285155052173e+00 5.005018180900274949e+00
-6.665613115338901551e+00 4.447353227491930738e+00
