-3.159205477505729220e+00 2.066254847162887653e+00
-3.086577052011063138e+00 1.700314322173387849e+00
-2.905382232417455857e+00 1.878389642668646831e+00
-2.869166077443241036e+00 1.653208957126687473e+00
-3.073883422404417587e+00 2.119437774198981828e+00
-3.213071519980329693e+00 2.143779473301588911e+00
-2.748740362887397204e+00 1.917283156874879158e+00
-3.112438613140532162e+00 1.912783628043999595e+00
-2.743980220539895321e+00 1.561394918158124812e+00
-3.150993803876646293e+00 1.706129481889017585e+00
-3.355711148837822400e+00 2.172358298961312162e+00
-2.980349693674022582e+00 1.812495335961205267e+00
-3.083125520729480762e+00 1.696077195616271904e+00
-2.694874320412798063e+00 1.839758530736177899e+00
-3.567331556362162370e+00 2.647061369147837517e+00
-3.335918341121776098e+00 2.667428343967093163e+00
-3.170868682416395856e+00 2.430617338993873666e+00
-3.091337194358564577e+00 2.056202560890142195e+00
-3.508901487086299564e+00 2.129227658197963891e+00
-3.059881181731852973e+00 2.186910114064936739e+00
-3.418819289637485603e+00 1.826522346517303275e+00
-3.006015139257253388e+00 2.109385487926235925e+00
-2.746401327125497449e+00 2.349117988571820526e+00
-3.015257237582316119e+00 1.686024909343526001e+00
-3.012001821846972849e+00 1.597366936691991590e+00
-3.178998285221776410e+00 1.571184802157106652e+00
-2.987252756237186002e+00 1.820969589075436712e+00
-3.241076001325459810e+00 2.008834793569678201e+00
-3.244527532607041742e+00 2.013071920126793923e+00
-2.937034360590406568e+00 1.663261243399432932e+00
-3.022356415691717757e+00 1.610078316363339201e+00
-3.261981304561188733e+00 1.949836706817954290e+00
-3.224930840437234103e+00 2.423721119038155791e+00
-3.346469050512759225e+00 2.595718877544022085e+00
-3.150993803876646293e+00 1.706129481889017585e+00
-3.108790966312711568e+00 1.992967347581302562e+00
-3.433934025829731951e+00 2.195121964905404788e+00
-3.150993803876646293e+00 1.706129481889017585e+00
-2.719427270476346692e+00 1.700576724447151467e+00
-3.183758427569278293e+00 1.927073040873860998e+00
-3.009466670538834876e+00 2.113622614483351647e+00
-2.820894486465884476e+00 1.232507471942579258e+00
-2.691422789131216575e+00 1.835521404179062177e+00
-2.837513949270290770e+00 1.868337356395900706e+00
-3.034215736148621723e+00 1.890019962099906303e+00
-2.947388954435151476e+00 1.675972623070780543e+00
-3.138300174270001186e+00 2.125252933914611120e+00
-2.844613127379692408e+00 1.792390763415714128e+00
-3.284391334409075824e+00 2.158068886131450537e+00
-3.115890144422113650e+00 1.917020754601115318e+00
-4.090042685806087874e+00 -3.517031559019083153e-01
-3.573154097304476640e+00 -3.040729863076804262e-01
-3.985958247684708411e+00 -5.869361277166135205e-01
-3.140278952838256643e+00 -6.612768559091855014e-01
-3.711033583814467463e+00 -6.313823993647118549e-01
-3.265660925287841465e+00 -6.538836630350415291e-01
-3.441065177837966615e+00 -4.043612783904751429e-01
-2.828107709297822403e+00 -1.474178692426633130e-01
-3.904087723864977821e+00 -5.295160741234035129e-01
-2.791891554323608027e+00 -3.725985547846225598e-01
-2.976537905198796796e+00 -5.464367487227659304e-01
-3.212907378332924058e+00 -2.953363309196854192e-01
-3.714485115096048951e+00 -6.271452728075959104e-01
-3.490171077965063873e+00 -6.827248909685283973e-01
-3.085382485667677699e+00 4.468446180869321827e-02
-3.858433355019462496e+00 -2.469153349882347026e-01
-3.030600063219634599e+00 -5.533329686784835832e-01
-3.512384992266713191e+00 -3.900718655606130181e-01
-3.570536875172635405e+00 -1.007375210626957562e+00
-3.308780142825218817e+00 -4.202287243788504489e-01
-3.044602303892200545e+00 -6.208053085444386054e-01
-3.498186636047909914e+00 -2.381786796002394180e-01
-3.642052805147620198e+00 -1.077506643891515070e+00
-3.639909884931959105e+00 -7.300926582889923910e-01
-3.729795966834535292e+00 -3.429665005139129752e-01
-3.801115781263280979e+00 -3.286770876840519051e-01
-4.013962729029838528e+00 -7.218808074485241200e-01
-3.732135002596434603e+00 -7.748013322108542322e-01
-3.329881561607185958e+00 -5.636476572249929928e-01
-3.391763162164631140e+00 -4.157681971800286647e-02
-3.240911859678054174e+00 -4.302810106515960742e-01
-3.298229433434235247e+00 -3.485192579557794268e-01
-3.355547007190416764e+00 -2.667575052599621133e-01
-3.353322016151052409e+00 -1.138901421768076405e+00
-2.887960434362142337e+00 -5.819117943382065006e-01
-3.192002075097195135e+00 -2.363382441679616752e-01
-3.822217200045248120e+00 -4.720960205301940049e-01
-3.753040305832163082e+00 -8.337994189625785868e-01
-3.124133791950030492e+00 -2.463905304407070784e-01
-3.112274471493126526e+00 -5.263321761772745688e-01
-3.208343351531659948e+00 -7.356454157308585096e-01
-3.465618127901515244e+00 -5.435430846795012982e-01
-3.380099957253965393e+00 -4.059393115489888793e-01
-2.913429764399134037e+00 -2.006007962787572652e-01
-3.176691223358709237e+00 -5.205170164616447215e-01
-3.273872598916925281e+00 -2.937582977611714052e-01
-3.220006556442325696e+00 -3.712829238998724968e-01
-3.587156337977042142e+00 -3.715453261736359480e-01
-2.857224686162634697e+00 1.537094092794829003e-01
-3.223458087723907184e+00 -3.670457973427564413e-01
-2.967409851596269021e+00 -1.427054918345112222e+00
-3.007077537852064886e+00 -1.197637106246036476e+00
-3.840897512241612688e+00 -1.403238023790032596e+00
-3.456293958752749695e+00 -1.339740408207428679e+00
-3.334559633130985468e+00 -1.427317320618875396e+00
-4.271351550122229668e+00 -1.833757224602222902e+00
-2.465635999286905911e+00 -1.010825130362782431e+00
-4.243347068777099551e+00 -1.698812544870312191e+00
-3.818683597939964258e+00 -1.695891049197946643e+00
-3.577832168828275705e+00 -1.167742649701563051e+00
-3.368436752343299645e+00 -7.703018033799745590e-01
-3.456097843206511477e+00 -1.255319562113009990e+00
-3.584735231391438681e+00 -1.159268396587331607e+00
-2.885343212230300658e+00 -1.285214018657483637e+00
-2.653733881443675724e+00 -1.180426197743809746e+00
-3.114613507255026725e+00 -9.581670078742157148e-01
-3.574380637546694217e+00 -1.171979776258679218e+00
-4.173335865414273371e+00 -1.361450845540535637e+00
-4.294595889119857901e+00 -2.324590143050888180e+00
-3.480650793270060106e+00 -1.394501368402036645e+00
-3.513415416962692994e+00 -1.173557809417193232e+00
-2.761465966392875337e+00 -1.025376945466408118e+00
-4.449094838434255017e+00 -2.016069671654598050e+00
-3.410443474360995264e+00 -9.727188229778414019e-01
-3.492510113726964072e+00 -1.114559722665469765e+00
-4.098368404157707090e+00 -1.295556538833093629e+00
-3.314570709868700504e+00 -8.478264295186759281e-01
-3.225797123485806939e+00 -7.988806290396982535e-01
-3.338011164412567400e+00 -1.423080194061759673e+00
-4.241008033015200240e+00 -1.266977713173370823e+00
-4.239699421949279845e+00 -1.618628825333009225e+00
-4.420059932393145985e+00 -1.097639048066107570e+00
-3.270142881265402757e+00 -1.433132480334505576e+00
-3.621147501911891720e+00 -1.018508557139790938e+00
-3.627134184501611625e+00 -1.530527108374035050e+00
-4.154181251301729993e+00 -1.481025052202496806e+00
-2.979073056506934769e+00 -1.062692426514125987e+00
-3.489058582445382584e+00 -1.118796849222585266e+00
-3.143926599666077237e+00 -7.414605754464882459e-01
-3.631502095756637072e+00 -1.005797177468443770e+00
-3.306359036239616245e+00 -1.207951794792545996e+00
-3.464113401289357075e+00 -8.107733507447210108e-01
-3.007077537852064886e+00 -1.197637106246036476e+00
-3.463197021315913116e+00 -1.331266155093197234e+00
-3.221036981138305055e+00 -1.154768867756452710e+00
-3.346026722495412553e+00 -9.785339826934711382e-01
-3.381130381949944308e+00 -1.189425255405568871e+00
-3.406991943079413776e+00 -9.769559495349570133e-01
-2.954520106443386140e+00 -9.235106202250996654e-01
-3.104258913410281373e+00 -9.708783875455631041e-01
