-1.492209275675344671e+00 -1.904710204557150899e+00
-1.257655668435754936e+00 -1.608414450934790629e+00
-1.348750596541901769e+00 -1.749846351698774782e+00
-1.180248853783131047e+00 -1.639190951398124430e+00
-1.510432630793210551e+00 -1.962711827648632834e+00
-1.401837839218471826e+00 -2.220124805808002311e+00
-1.279661547373579511e+00 -1.918022394555800147e+00
-1.378355750786989464e+00 -1.819483458837520384e+00
-1.116486457617665629e+00 -1.545023423701923138e+00
-1.313100299116919167e+00 -1.565182436237300356e+00
-1.576462647790847882e+00 -1.999775966276916339e+00
-1.282725581016499472e+00 -1.792258336209372249e+00
-1.308543209969393661e+00 -1.530812999679709741e+00
-1.370032983830452578e+00 -1.602607793304948736e+00
-1.938514198405951516e+00 -2.256354437459371809e+00
-1.766178858148929276e+00 -2.568176102615966627e+00
-1.620430710700132337e+00 -2.321839424132082108e+00
-1.420830758191668819e+00 -1.981413421788667417e+00
-1.495974953484356273e+00 -2.087216433532131266e+00
-1.482325533524962768e+00 -2.132684338552786052e+00
-1.351023218846308271e+00 -1.772219085769737301e+00
-1.372232684973384131e+00 -2.150487698669256709e+00
-1.647061598474721889e+00 -2.060833509878456038e+00
-1.036700407477265440e+00 -1.940734178278547439e+00
-1.118780927405254255e+00 -1.715972372466312290e+00
-1.168850208644961919e+00 -1.558455375796314879e+00
-1.180950497949222466e+00 -1.947461238719533583e+00
-1.458052033754966947e+00 -1.880179783999694987e+00
-1.473985920557479012e+00 -1.846708581465668741e+00
-1.184805942930656331e+00 -1.673560387955714823e+00
-1.166582587812790450e+00 -1.615558764864232888e+00
-1.317562619619786934e+00 -1.976482829394810015e+00
-1.761716537646061287e+00 -2.156875709458456747e+00
-1.845173496950815561e+00 -2.320602140456732521e+00
-1.313100299116919167e+00 -1.565182436237300356e+00
-1.464871742262428889e+00 -1.777969708350487066e+00
-1.628821397345909139e+00 -1.933731795232427331e+00
-1.313100299116919167e+00 -1.565182436237300356e+00
-1.209849006555983708e+00 -1.629351935397989504e+00
-1.398846726737026591e+00 -1.820381692861084533e+00
-1.454988000112046764e+00 -2.005943842346122885e+00
-8.879611475470237103e-01 -1.294654386847744920e+00
-1.287277668691789945e+00 -1.747151649628082115e+00
-1.076907794049773770e+00 -2.159767530297612481e+00
-1.192354144559626405e+00 -2.107672937460223217e+00
-1.165786175002041736e+00 -1.684219434142742777e+00
-1.499055833138223326e+00 -2.030552466740249695e+00
-1.273611402721449348e+00 -1.723519463094190574e+00
-1.555971671840810533e+00 -1.998877732253352191e+00
-1.394289637589501307e+00 -1.786012256303493473e+00
8.945385740054665469e-01 -1.826370085264270804e+00
9.795665114485357927e-01 -1.948541207516442331e+00
1.134418834247913122e+00 -1.792417902195136525e+00
1.096416150290571601e+00 -1.384095225711013732e+00
1.168581077640525656e+00 -1.688411358498800530e+00
1.135103632403057450e+00 -1.553247706428274366e+00
1.142018109555176686e+00 -2.032388738677401108e+00
5.839745973789582933e-01 -1.385496609057264905e+00
9.666187356552335963e-01 -1.594803015174378391e+00
1.019762053482331732e+00 -1.719131823913043533e+00
8.276373814413634511e-01 -1.099938105458603932e+00
9.955053997232831131e-01 -1.902536286911588492e+00
8.185400491572603077e-01 -1.099576887019238836e+00
1.195100350759511487e+00 -1.641586407707054107e+00
6.250463164514554748e-01 -1.840107220748935735e+00
8.307811793122359401e-01 -1.841061489821591346e+00
1.220922981184640488e+00 -1.823555621097836310e+00
7.205985635882343754e-01 -1.366851049966322673e+00
1.407691774027640896e+00 -1.357746168318850088e+00
8.010912593669611281e-01 -1.374815394082657960e+00
1.460101597260995421e+00 -2.097873725350111407e+00
7.798986392508324705e-01 -1.683983915427630595e+00
1.489650676355555259e+00 -1.433629355363473357e+00
1.091057646860062569e+00 -1.429280116128974765e+00
8.436560339440628553e-01 -1.669292510870309831e+00
8.899864863301765183e-01 -1.781263398682980892e+00
1.145026068047568124e+00 -1.563545534175936558e+00
1.411520370053657603e+00 -1.859699356914975121e+00
1.177673408452394543e+00 -1.768248700077046376e+00
4.519145633836840759e-01 -1.459624886313831471e+00
8.056483485144861900e-01 -1.340445957525067344e+00
6.796216131603952659e-01 -1.289171394874570220e+00
7.540591628147561565e-01 -1.571114793591395387e+00
1.654369895294367065e+00 -1.574580275592350809e+00
1.261904933084715186e+00 -1.821759153050708013e+00
1.055480270596555137e+00 -2.139451202883795311e+00
1.066104350407157231e+00 -1.841478743310048127e+00
1.151081214171933986e+00 -1.289566479575447344e+00
8.595730747356278290e-01 -1.771863804958883071e+00
1.018987488154765364e+00 -1.501894939941106344e+00
1.127487511084846794e+00 -1.382376961500556778e+00
1.101737801821192964e+00 -1.725914919403120473e+00
8.474217117530743471e-01 -1.486786281895329020e+00
6.021979524968240627e-01 -1.327494985965782970e+00
1.030364285809752367e+00 -1.569735579032723649e+00
8.223517991723300335e-01 -1.670630167169910640e+00
9.324446477239090036e-01 -1.688433527286380409e+00
8.846379858441375532e-01 -1.667496042823181535e+00
4.117121782834113342e-01 -1.599182115194016429e+00
9.165107609213964945e-01 -1.654962324752354164e+00
2.494851599223656624e+00 -2.392145184207790543e+00
1.909487399645469097e+00 -1.802893459239771623e+00
2.106904497021949041e+00 -1.941247270706118577e+00
1.931466429627876735e+00 -1.721337853451069266e+00
2.246580652335433470e+00 -2.037989738377270044e+00
2.386987142364668024e+00 -1.767737858756800007e+00
1.700688503141768670e+00 -1.676175131820687891e+00
2.109094195220409862e+00 -1.552319611619571438e+00
2.113656285840169957e+00 -1.438474051923100294e+00
2.248938040340026756e+00 -2.551500207183987179e+00
1.643857430139368914e+00 -2.180383600211469819e+00
1.895837979686075592e+00 -1.757425554219116615e+00
1.949784553390399910e+00 -2.040267186959505707e+00
2.024137337344573684e+00 -1.786327382798650554e+00
2.227665655995945571e+00 -2.245309402512400077e+00
1.987780394281263963e+00 -2.358737708720414439e+00
1.797121928789484180e+00 -1.807462833194263707e+00
2.182808253225497985e+00 -2.291109512351231281e+00
2.828055179264840291e+00 -1.610157135040151122e+00
1.721914815279791622e+00 -1.228806427366622156e+00
2.103918386012738395e+00 -2.261514260514156049e+00
1.873837102220486939e+00 -1.987557374701245605e+00
2.427194528937175910e+00 -1.548704506737734521e+00
1.626357566670777022e+00 -1.781538721288115967e+00
1.963428971877558604e+00 -2.165211215119040578e+00
1.849497524355492528e+00 -1.804406912684206388e+00
1.553485993682495625e+00 -1.864968998960617741e+00
1.551196525367142698e+00 -1.956441824586126588e+00
2.163825337196770171e+00 -1.893445882054136220e+00
1.674872715783116472e+00 -1.584058073153120638e+00
2.089399632081120561e+00 -1.621878514921645253e+00
1.835124612746825701e+00 -2.215785509678386500e+00
2.235203854680446245e+00 -1.970149099285652738e+00
1.482804118892675938e+00 -1.559471617546572597e+00
1.803077304796956604e+00 -1.236028945132735535e+00
2.236012112029906351e+00 -2.049185800148496384e+00
2.166165879190416810e+00 -2.476056442415400127e+00
1.778898573671618077e+00 -1.865464456285745865e+00
1.517039283446764530e+00 -1.980972245143582500e+00
1.835931028502044260e+00 -2.125493932679136222e+00
2.200344968593976880e+00 -2.302949807164517360e+00
1.814743409858150081e+00 -2.355186330885228330e+00
1.909487399645469097e+00 -1.802893459239771623e+00
2.233705797703606333e+00 -2.209758717328551558e+00
2.248943041812262233e+00 -2.472024084045106651e+00
1.949087910696543524e+00 -2.269061351142033889e+00
1.829812964160673960e+00 -1.715013569708519148e+00
1.775934310145590667e+00 -2.037155231400356481e+00
2.005981901915948384e+00 -2.449312300322358915e+00
1.701474913008047096e+00 -1.903788047376958614e+00
