1.072758360922266093e+03 -9.673248407765443480e-01
1.054621609425139241e+03 2.431081209800301579e+01
1.188953065455018532e+03 3.759131214825822553e+01
1.483244107568164736e+03 6.129355795424293518e+01
7.441472096164648065e+02 -3.257530796391067440e+01
1.453293479224606472e+03 5.914130906163557455e+01
1.292556788133320424e+03 5.565418669498573223e+01
1.300468868421206480e+03 3.165644340541027546e+01
1.049399914129336594e+03 2.573955427062374568e+01
1.049558253165746009e+03 2.435756364551032860e+01
1.512113176749848208e+03 7.235546923720436041e+01
1.282548192492983162e+03 5.500073225123731646e+01
1.321555858291964114e+03 6.567517944611063285e+01
1.152911917090787483e+03 4.451130180807312087e+01
1.548392637886931652e+03 8.089135317315651719e+01
1.314320647374923510e+03 4.213030330609274188e+01
1.285521831906413126e+03 3.022616964833560615e+01
1.136001252261526588e+03 1.727274614073815329e+01
1.681242277600090347e+03 8.989462386777030645e+01
8.530253733075688842e+02 -1.637276770599290998e+01
7.896671033733533704e+02 -3.388260467002068310e+01
7.769979034163673077e+02 -1.255472859057053370e+01
1.039966703662055124e+03 2.027791603003799281e+01
1.019425035039806630e+03 2.349224208265445668e+01
8.508017278535613741e+02 1.788431686947834054e+00
8.392461031213975957e+02 -2.791634961022830197e+01
1.197897463680823876e+03 4.704950447031992411e+01
1.287382161964320176e+03 5.663631465847876001e+01
9.215777320401781481e+02 -3.928392098652653264e-01
1.039383153643109154e+03 2.515550620595607967e+01
1.288333110554254290e+03 4.853126973161327129e+01
1.517212491211210363e+03 7.178697704858869599e+01
9.956410332628094011e+02 1.195395272788064212e+01
1.242202443889040978e+03 1.360753330753001400e+01
1.100627894429372873e+03 1.826238517975237130e+01
9.257527769649765332e+02 6.692597587951345517e+00
8.870757068031821291e+02 -6.431825077790941592e+00
1.109140259388337427e+03 3.123557801441959825e+01
1.024685193494468649e+03 2.174948796514341609e+01
7.699845990046201223e+02 -3.759609613882343382e+01
8.035206781292282585e+02 -2.348935683245989736e+01
1.038740582282942341e+03 3.030720368735375558e+01
1.099522429359691159e+03 2.767550527898029600e+01
6.877295944053887524e+02 -2.395553367618819252e+01
8.917278447601120206e+02 -3.309245427792742777e+00
1.085871798739370206e+03 1.536185661229823118e+01
1.069879456049317014e+03 2.284877003540088580e+01
9.903249673699275490e+02 1.439214136338065586e+01
1.065086654015188060e+03 2.070831373551769161e+01
1.264233155678998855e+03 3.989061993119985061e+01
1.153031807993358598e+03 4.347230477005175686e+01
1.267553132285551328e+03 5.406167990808685886e+01
1.194993732616351508e+03 2.954564652435621142e+01
1.379201515169480899e+03 4.700235093020026511e+01
1.066759460078236771e+03 6.958863900384897327e+00
1.126193175367834101e+03 1.504568664229164909e+01
9.774085624042473910e+02 -3.786700880620783138e+00
1.273428308026645709e+03 4.712918442167312350e+01
1.289025574036190619e+03 4.311457522337202164e+01
5.269312228493231487e+02 -2.664319854990581504e+01
6.874274294555578990e+02 -2.141792012339378104e+01
4.589785114595830464e+02 -4.804876806700816871e+01
6.370428219405147274e+02 -2.129244254744276788e+01
4.277381814768983759e+02 -3.965551003740001335e+01
3.651421715350396084e+02 -6.353811726348775579e+01
6.851593541479207943e+02 -1.936858515140514569e+01
5.080466430341867294e+02 -2.049762441524368839e+01
5.160677068647984242e+02 -2.047126809704166561e+01
7.580098087881743822e+02 -2.208400497158442732e+01
7.309566726157403309e+02 -6.499568890191152093e+01
8.764050242066185774e+02 -1.795972792970096155e+00
4.178388268590642838e+02 -4.140585339500887585e+01
4.794810040780634495e+02 -3.470091617372654014e+01
9.949871542257600368e+02 -2.501734779257845176e+01
8.920817617896841512e+02 1.854595058015732434e+00
4.367472444957650737e+02 -4.744976274814290207e+01
3.997568530250542267e+02 -4.135402294060834549e+01
5.100129261878799412e+02 -5.375234859220162065e+01
7.609582968079419061e+02 -4.639941461585977578e+01
4.721361074380765217e+02 -4.892556228610541780e+01
2.866052857820817508e+02 -5.540303925169137500e+01
7.195349019171804912e+02 -3.796730610989376586e+00
6.352910454260987763e+02 -7.120942902694515908e+00
5.219162923221871324e+02 -2.737796638264596183e+01
5.277967880071936406e+02 -3.414339509286425312e+01
4.588780864929079826e+02 -4.730445352807917914e+01
5.026106798829610511e+02 -3.437305879830270783e+01
5.689702765777138893e+02 -2.521297390158381191e+01
6.855780971694941854e+02 -6.382060083981084375e+00
6.293922181701124146e+02 4.391684608726534322e-02
4.865828489053483281e+02 -2.654128861371364323e+01
4.574537058819788626e+02 -3.571591579674773698e+01
5.014187029778167357e+02 -2.437956202701731812e+01
2.987391100982139847e+02 -5.575508265093675675e+01
3.544992513649468151e+02 -5.874191847819310652e+01
9.497324138060384939e+02 -5.011317618145036334e+01
6.367420811931879143e+02 -6.077254568811937219e+01
4.353711628331086558e+02 -3.602560231438299354e+01
6.661442132462107111e+02 -1.203074145658763783e+01
4.139225500351018923e+02 -4.202407341380002492e+01
7.167909533208535322e+02 -1.440423624933729485e+01
5.688167704411690693e+02 -2.355850005127505042e+01
4.469135061456344715e+02 -4.847574036986848256e+01
4.226378812364164901e+02 -3.922908052276189039e+01
6.777425592388317455e+02 -8.144925331769442778e+00
3.238790113015236898e+02 -5.562286484283106347e+01
5.162773197831550078e+02 -2.220637911312683599e+01
4.949734238838021270e+02 -2.947929626592181052e+01
3.210628335252516194e+02 -5.715690757388432530e+01
6.867060181679377138e+02 -1.561599414310931522e+01
5.710375197448722702e+02 -4.199657691344211230e+01
3.335536953978735255e+02 -5.227727064224266940e+01
6.152669740782208692e+02 -3.294454119711281948e+01
4.417664705286050548e+02 -3.920919896377690606e+01
3.926966269314655165e+02 -4.163646306353701476e+01
4.146138577609204958e+02 -3.960803851791352059e+01
5.020993252467616230e+02 -3.003774571640245838e+01
3.557520057526955384e+02 -6.937176379678007265e+01
3.791954549618054102e+02 -3.795751381266307334e+01
5.706911922145274048e+02 -2.245171525362088616e+01
6.323290607535096797e+02 -2.407675530466236324e+01
4.763299678156382697e+02 -6.717260779649360813e+01
3.750123571888369156e+02 -6.226413292552918222e+01
3.879670930023029314e+02 -4.414451302387714549e+01
3.874795211263803481e+02 -4.006252298033739834e+01
3.858315657385817872e+02 -4.309878930078699000e+01
3.601542092118247638e+02 -4.732241837930899919e+01
4.741724977232150309e+02 -4.104489695871688326e+01
3.505057833866544570e+02 -5.103176491766571132e+01
5.858427699300124232e+02 -1.460207376935689538e+01
6.402633006765123582e+02 -4.800318708353888297e+01
5.389461966435111435e+02 -4.317369368072102986e+01
5.681237798470538110e+02 -3.475902928512540768e+01
6.087104137185644959e+02 -3.711198359351203635e+01
6.558380933617360142e+02 -1.008951911183478956e+01
7.015939945695167808e+02 -1.369244833394714256e+01
7.258717984361902609e+02 -6.415479960270484838e+00
5.232355070846516583e+02 -3.846743042273370605e+01
5.867444969931648302e+02 -2.190426412308598358e+01
5.982606329087332142e+02 -3.410542837589749610e+01
6.075448699615561736e+02 -2.743130111705431418e+01
7.854499663253133122e+02 7.877333755423564510e-01
5.282879777517586035e+02 -3.851324708334468028e+01
5.574308614865403797e+02 -2.943566051469921518e+01
8.625471209623366349e+02 -1.199681045727531625e+01
8.366081158390589962e+02 -5.901122330310903941e+00
4.219999237953181819e+02 -3.396275977250184042e+01
6.312436508638071473e+02 -1.513819366966737867e+01
6.567685765209314468e+02 -1.796056116639225309e+01
5.599071573971439193e+02 -4.995183968744463954e+01
5.114712673167879871e+02 -6.603834587540895029e+01
4.903001506324579282e+02 -5.739850669505307224e+01
4.362100981208017174e+02 -6.846007095812956322e+01
6.822327986861764657e+02 -2.012227166252181831e+01
6.480553710366617679e+02 -2.915984625716539469e+01
7.313623368410376315e+02 -1.015205543510648845e+01
4.875974924537571837e+02 -3.490422776495960022e+01
8.858160702985380794e+02 3.409160696020881343e+00
6.675136114608059188e+02 -2.359755641396654724e+01
6.266802705506324855e+02 -1.899600793010566591e+01
5.271999142134059184e+02 -2.932125724202932915e+01
6.882476993040569369e+02 -2.838573952582045123e+01
5.789406294634952701e+02 -4.083330429549189944e+01
6.831197194521085976e+02 -2.756808141913281673e+01
6.218066699334905252e+02 -2.037800599538480029e+01
5.272443028992521477e+02 -2.978467678071296731e+01
7.036955775017651149e+02 -3.127463960065546189e+01
6.910179043883098302e+02 -9.521101696572129569e+00
7.576317680351721719e+02 -1.926375920801566366e+01
6.393044554916315292e+02 -4.035627748277038762e+01
5.181312509104774335e+02 -3.758071742845236685e+01
4.773026169404038797e+02 -3.305463507920223520e+01
6.665683260448523697e+02 -1.559320953715546310e+01
7.464632067849212262e+02 -1.001489182732072791e+01
7.572442778902258169e+02 -1.601037117293265766e+01
8.436734086080367661e+02 -2.256761357836452220e+01
8.486276069759758229e+02 -2.189109650730646806e+01
5.679531977010419723e+02 -3.330785862108047013e+01
