-1.015668249270821775e+03 -2.317175970756737424e+00
-1.001337608768772725e+03 2.145448899670000742e+01
-1.129300513069515546e+03 3.472225515300591070e+01
-1.411057269438810636e+03 5.603225205685352961e+01
-7.002583538826248741e+02 -3.065279611791307701e+01
-1.382747437966076859e+03 5.366381405771828383e+01
-1.229825798986088330e+03 5.103552716836117753e+01
-1.235113561737996406e+03 2.782915212143841899e+01
-9.960353847203889472e+02 2.349089093741384815e+01
-9.957618899361159492e+02 2.254701957342156149e+01
-1.439664622861947691e+03 6.635517354997467976e+01
-1.220318737607188950e+03 5.038277759595552396e+01
-1.258244666675622511e+03 6.063561951837701258e+01
-1.096063354451948726e+03 4.111407652894240528e+01
-1.475077531870901794e+03 7.418426331032324583e+01
-1.249041463111365374e+03 3.813292275384434760e+01
-1.220423626686482066e+03 2.700312881416510180e+01
-1.077127171877905766e+03 1.537309942680309049e+01
-1.601883074112722852e+03 8.247638808859549897e+01
-8.054893605282017006e+02 -1.599548378912971458e+01
-7.436011319167396323e+02 -3.246099997221172373e+01
-7.333348680188831850e+02 -1.151857687888222337e+01
-9.865313701176964969e+02 1.831944084310435272e+01
-9.673742918208736228e+02 2.145945218631085538e+01
-8.048548511098010749e+02 1.834165536981770428e+00
-7.908793212281489104e+02 -2.645945232317977514e+01
-1.139081648080455579e+03 4.326906517482516534e+01
-1.225244307493219594e+03 5.169770223425426536e+01
-8.718095581991869949e+02 -5.527345521958169083e-01
-9.864314364649554818e+02 2.302934687544183490e+01
-1.224553611509698840e+03 4.498130676247749449e+01
-1.444466581348131058e+03 6.576749941407510391e+01
-9.437019478601979472e+02 1.045553276951658717e+01
-1.177994726574467450e+03 1.084073373544496732e+01
-1.044006521507562184e+03 1.600438700537480941e+01
-8.763724862755591403e+02 6.348375872407312492e+00
-8.389917797555871175e+02 -6.885442700811916339e+00
-1.053396582384141766e+03 2.835227998554282536e+01
-9.725120402607182086e+02 1.934730803794520426e+01
-7.246163920235486557e+02 -3.602187479831359695e+01
-7.576362717324258256e+02 -2.238229867561003417e+01
-9.860594097215509919e+02 2.832700665182279920e+01
-1.043688508301981983e+03 2.527638587853018137e+01
-6.475835972200814012e+02 -2.219012853989239176e+01
-8.434550576876149535e+02 -3.570304707165218971e+00
-1.029335728955973309e+03 1.378674454857062770e+01
-1.014862047180766808e+03 2.106446392732582495e+01
-9.386182782408112644e+02 1.317693988540733763e+01
-1.010061468165269048e+03 1.909391347377551185e+01
-1.200945903272059240e+03 3.664246938725575120e+01
-1.096110033581808693e+03 4.007369524589740450e+01
-1.205677863317223000e+03 4.996195185101875325e+01
-1.134515300740467865e+03 2.661966927655633697e+01
-1.311225391497867122e+03 4.235981492003332249e+01
-1.010814626420090917e+03 5.226892764823576343e+00
-1.067603781978088591e+03 1.327554432403303508e+01
-9.246990743815688347e+02 -4.355387885694289807e+00
-1.210707604381259898e+03 4.311500388000013118e+01
-1.225069430501331908e+03 3.926268873857052455e+01
-4.960521923426406374e+02 -2.586080014761175860e+01
-6.484382181047203630e+02 -2.092895057713521112e+01
-4.285539960446669170e+02 -4.489281439741332491e+01
-6.001023924415312649e+02 -1.989720648550228077e+01
-3.990359407450062008e+02 -3.580517259937075636e+01
-3.378955321979341875e+02 -5.923577528250877577e+01
-6.457786336813409207e+02 -1.802312880152647878e+01
-4.772539315032229865e+02 -1.794355320061404768e+01
-4.849116220974364637e+02 -1.799803735607351385e+01
-7.153054632808534734e+02 -2.179028219171236813e+01
-6.858108376146975615e+02 -6.332632064336462463e+01
-8.295633044882561080e+02 -2.705668321379150143e+00
-3.889548668690484874e+02 -3.675415966165883219e+01
-4.485961445480333509e+02 -3.121772590136922432e+01
-9.388927519299699043e+02 -2.422157874450741843e+01
-8.443545906461391723e+02 1.311196337353876640e+00
-4.076597133176219927e+02 -4.441923816227853195e+01
-3.728086367393340197e+02 -3.796987051357447029e+01
-4.766276733097228089e+02 -5.083403365354894277e+01
-7.160284502524876871e+02 -4.552455046307027686e+01
-4.400970082959286174e+02 -4.465272926226874262e+01
-2.638655063083594428e+02 -5.072524657720401819e+01
-6.797773439554980541e+02 -3.037196225555064188e+00
-5.993883316440172848e+02 -5.714703366074078694e+00
-4.894690128852710131e+02 -2.422299267594458883e+01
-4.950787272871251616e+02 -3.165219335405729595e+01
-4.284404724733285548e+02 -4.405834442322825595e+01
-4.709101470606656221e+02 -3.143753977633020114e+01
-5.345016210475498610e+02 -2.255364541584177118e+01
-6.473706986847034841e+02 -5.464563377174682657e+00
-5.944285858096769743e+02 1.261848467266924123e+00
-4.566904743556221433e+02 -2.416414761511631326e+01
-4.278628754526389457e+02 -3.245929563775118254e+01
-4.708008145940818281e+02 -2.191051576691267400e+01
-2.752141520198487683e+02 -5.094214796193946881e+01
-3.280565909309419794e+02 -5.432253087250179391e+01
-8.947395542422632388e+02 -4.976162277925977406e+01
-5.963653335803016944e+02 -5.828931752072379879e+01
-4.071236392724690063e+02 -3.300265395557790526e+01
-6.281545762404879270e+02 -1.051874742500502258e+01
-3.857181383514194977e+02 -3.805527842312632458e+01
-6.765456347696205057e+02 -1.373879102654221107e+01
-5.352255095640546187e+02 -2.190856829553218432e+01
-4.165773205360624161e+02 -4.460953266938518880e+01
-3.947435820728557019e+02 -3.603746002216357169e+01
-6.397139915515499524e+02 -7.061403188997563696e+00
-2.989550923827799238e+02 -5.073989788545068080e+01
-4.850766670189951242e+02 -1.984262941065624375e+01
-4.640050522030505817e+02 -2.653448401232056852e+01
-2.964337410258996215e+02 -5.260091734008465636e+01
-6.474979902713060937e+02 -1.427674281439456827e+01
-5.350509633253642505e+02 -3.897268729239241480e+01
-3.085741785597573994e+02 -4.771846227126457762e+01
-5.781225186565701506e+02 -3.075016773627304900e+01
-4.127592566527834492e+02 -3.591183298579530003e+01
-3.656101423245557385e+02 -3.758242120692172250e+01
-3.867760398450394632e+02 -3.595120595159571764e+01
-4.710031246557883264e+02 -2.748446071347890296e+01
-3.281644713326700753e+02 -6.445789799049150304e+01
-3.536449998995987585e+02 -3.464979831798176946e+01
-5.368728632673416996e+02 -2.054073611386872145e+01
-5.949978880032958841e+02 -2.207601774286402119e+01
-4.416823875161064734e+02 -6.135926738540935332e+01
-3.464515009783676760e+02 -5.681335223560309799e+01
-3.604510825581857603e+02 -3.941234842446672815e+01
-3.603849691862955069e+02 -3.549448624249006201e+01
-3.589745201705924273e+02 -3.898911264157345613e+01
-3.340169403004360902e+02 -4.270082501512593609e+01
-4.426597998461484167e+02 -3.690773126467685472e+01
-3.245498465121086724e+02 -4.628057408900013314e+01
-5.515862354004922281e+02 -1.250061862421759606e+01
-6.010950704427723394e+02 -4.624597129161783471e+01
-5.047521821187685873e+02 -4.032001759329979507e+01
-5.330156319464084618e+02 -3.203547805258853742e+01
-5.714979732384227873e+02 -3.472160252424631466e+01
-6.190818028083352829e+02 -9.293411472079379010e+00
-6.619955914187863755e+02 -1.272997669148623956e+01
-6.857083061407328159e+02 -5.796249481339375009e+00
-4.895824639734854031e+02 -3.478750157814186394e+01
-5.519334893600322403e+02 -1.977971524226497735e+01
-5.615417991091227350e+02 -3.135322834948135196e+01
-5.712797951777448588e+02 -2.535673817451144529e+01
-7.429489071001037246e+02 8.697820934334321574e-01
-4.947309006035140442e+02 -3.532414423864994291e+01
-5.232350669701156676e+02 -2.669345916646284778e+01
-8.150040379742792993e+02 -1.189602132750405161e+01
-7.910391712175489829e+02 -6.010459369227439730e+00
-3.942540158708739000e+02 -3.045674095671181547e+01
-5.944569591551290841e+02 -1.298780453144792801e+01
-6.184701649957033851e+02 -1.588604089140643438e+01
-5.234875850268193744e+02 -4.625574509918163812e+01
-4.759195930248568516e+02 -6.144011086593337012e+01
-4.565962008999735531e+02 -5.297011641303360818e+01
-4.042096822118467117e+02 -6.338417058701531204e+01
-6.424801621823893356e+02 -1.814345223775026383e+01
-6.097065228751501991e+02 -2.738127883077135749e+01
-6.899318480724498386e+02 -8.584378741336342600e+00
-4.560527961376112103e+02 -3.115745489922400324e+01
-8.378948364669823832e+02 3.715451199780539948e+00
-6.272463785657354265e+02 -2.018854942211076775e+01
-5.892804229067135111e+02 -1.605186891488477841e+01
-4.943628664554736361e+02 -2.620234811793634933e+01
-6.478071735852365691e+02 -2.665039221935500180e+01
-5.426915775665177080e+02 -3.791642493427226412e+01
-6.432834921767765763e+02 -2.619310392774952945e+01
-5.849480773996768903e+02 -1.791845541050563284e+01
-4.942862423339636280e+02 -2.654669369919789190e+01
-6.615225645084872212e+02 -2.860966438187133321e+01
-6.518426563461316618e+02 -7.995818987787754573e+00
-7.140229480531429544e+02 -1.749436416553957940e+01
-5.994497244996027803e+02 -3.694850033736005912e+01
-4.856021720257822381e+02 -3.494661844083008617e+01
-4.467545722081140980e+02 -2.972222215115064969e+01
-6.279914407133779832e+02 -1.364497245348066023e+01
-7.043672848531248292e+02 -8.637513314484197124e+00
-7.141012961388953499e+02 -1.454380709331559629e+01
-7.957226247268791894e+02 -2.151068292283261130e+01
-8.006981047476175490e+02 -2.115504228765445660e+01
-5.321693898851750646e+02 -2.955778295526274491e+01
