-1.067111781437025002e+03 5.928325877224871476e+01
-1.051632354899563325e+03 4.490431473610166790e+01
-1.186582919501550805e+03 4.753012576575426351e+01
-1.481767309218382252e+03 5.163348557957566953e+01
-7.369696828670220157e+02 5.881854045740416126e+01
-1.451760094682208319e+03 5.032824038447577664e+01
-1.291493273287219154e+03 4.312586328140749714e+01
-1.296937026627663954e+03 5.550208977941414190e+01
-1.046566364016525540e+03 4.512280700028285452e+01
-1.046576723320850761e+03 4.723512855659841136e+01
-1.511597881425783953e+03 4.688621376336256219e+01
-1.281460382663128485e+03 4.337967805039873781e+01
-1.321347655070962446e+03 4.033790316255491604e+01
-1.151452356923120533e+03 4.064625187438587517e+01
-1.548577875166936110e+03 4.436285765940775150e+01
-1.311774185686852206e+03 5.252061064919942623e+01
-1.281911049512859790e+03 5.661029946682862146e+01
-1.131848825356138377e+03 5.548909668881150736e+01
-1.681637124061717714e+03 4.837977379314937565e+01
-8.469495059445712286e+02 5.580998594921528877e+01
-7.821479140039842832e+02 6.099693125582648179e+01
-7.716786567359150695e+02 5.080480636995543620e+01
-1.036621618505347897e+03 4.666830415443516245e+01
-1.016503386498495843e+03 4.461809843175019807e+01
-8.465439782289793129e+02 4.672676551008490975e+01
-8.320358097097216614e+02 6.145113128908604239e+01
-1.196444776318340701e+03 4.245397163698123677e+01
-1.286434618504179298e+03 4.226912397683475575e+01
-9.167421880073876537e+02 5.175722688908860647e+01
-1.036533731972601799e+03 4.498330297513029308e+01
-1.286539913699360113e+03 4.799531488723585682e+01
-1.516609446591529377e+03 4.842802293615605436e+01
-9.916810419072005516e+02 4.886132304537998294e+01
-1.237142816470783373e+03 6.166046401342050842e+01
-1.096760200755914639e+03 5.175364631264321957e+01
-9.216045226548932305e+02 4.920062942873600775e+01
-8.818260922714887329e+02 5.239873016894528490e+01
-1.106539769425414761e+03 4.588321657542972076e+01
-1.021571591102910702e+03 4.520296392641745342e+01
-7.622038356181374184e+02 6.149333995890933835e+01
-7.969764720654302437e+02 5.711292246012911988e+01
-1.036400893361984799e+03 4.339590987039606063e+01
-1.096625424574348244e+03 4.672708489458683800e+01
-6.817222348538107326e+02 5.161362796225474625e+01
-8.867625913809448548e+02 5.144369090964607949e+01
-1.081786417811167212e+03 5.348541311195173620e+01
-1.066642169962664184e+03 4.789559764330576996e+01
-9.866424682262044143e+02 4.831223005852914554e+01
-1.061645885433980538e+03 5.000890339321173883e+01
-1.261715033901579318e+03 5.194873221159019039e+01
-1.151464078904724374e+03 4.258271490475935650e+01
-1.266445797602543507e+03 4.322155420593338704e+01
-1.191803096562156725e+03 5.130667021413231765e+01
-1.376815516199669673e+03 5.273779008318757633e+01
-1.061937947234683634e+03 5.579348401862077367e+01
-1.121864522190782054e+03 5.594846052909166900e+01
-9.719603787934481716e+02 5.668175205582728182e+01
-1.271595801411826642e+03 4.709213448733704865e+01
-1.286709774746288758e+03 4.997509764079983086e+01
-5.215042839466145779e+02 4.213166112594295498e+01
-6.816847024213100212e+02 4.950504571260655240e+01
-4.517144584722430523e+02 5.270591336857880549e+01
-6.315590061776565562e+02 4.742773665141567108e+01
-4.214696979095522238e+02 4.562858832793603625e+01
-3.567886198863203049e+02 5.371560845913067794e+01
-6.796253642050774033e+02 4.901456696107791799e+01
-5.033141386009667713e+02 4.019342998860808081e+01
-5.112768480031094782e+02 4.159790705482003403e+01
-7.518352413507643632e+02 5.330073232820096507e+01
-7.206038798420893272e+02 7.167691534770978024e+01
-8.716550939961219910e+02 5.042279864953369639e+01
-4.114159107594036868e+02 4.673050709962036109e+01
-4.734233326414226894e+02 4.723883196013006369e+01
-9.872538105542615767e+02 6.830983218895846676e+01
-8.876179865717384700e+02 4.864934445340712443e+01
-4.296619385357213332e+02 4.973445960877881333e+01
-3.934719631997429019e+02 4.512236270947494887e+01
-5.019111802253922292e+02 5.624319789178464646e+01
-7.523330450066639514e+02 6.425174888021841468e+01
-4.646899883460648084e+02 5.262012587719553380e+01
-2.794711655330435178e+02 4.509814747770837329e+01
-7.153895639077040869e+02 4.305632098535244268e+01
-6.312175888215779196e+02 4.061951117712775527e+01
-5.163857722727176451e+02 4.697361225628900172e+01
-5.215785954911909812e+02 4.706936713061389099e+01
-4.516853071759126692e+02 4.979727790336323068e+01
-4.964753647702189596e+02 4.712077780561642015e+01
-5.634051791435791756e+02 4.661818100008952115e+01
-6.813339904364099766e+02 4.285025051705117960e+01
-6.260718291307382515e+02 3.646299278005673017e+01
-4.813365067467913718e+02 4.182036426388870609e+01
-4.514164539310389159e+02 4.619500198373831523e+01
-4.963036364763352708e+02 4.247563415955469424e+01
-2.915116180221049831e+02 4.580726667258880980e+01
-3.466880042075685537e+02 5.054448156089462429e+01
-9.397536800897951252e+02 7.547932966044368186e+01
-6.272729614399872844e+02 6.637518386241666235e+01
-4.294426475893603765e+02 4.300137248533520307e+01
-6.614445060259574802e+02 4.405219577945678111e+01
-4.074905935156974692e+02 4.491223573199834362e+01
-7.115987037857428277e+02 4.746458677886545985e+01
-5.634514647610714064e+02 4.437862324684834903e+01
-4.396505393060252800e+02 5.073984448214899601e+01
-4.164364929553981369e+02 4.445554209816683766e+01
-6.733651411241844471e+02 4.283658976827200604e+01
-3.165184160780370348e+02 4.841651598406560453e+01
-5.113137488983718413e+02 4.164658455741194842e+01
-4.893699547223315562e+02 4.501613252296656498e+01
-3.135763202021723828e+02 4.792432127874800329e+01
-6.815349505576908768e+02 4.603875556951645365e+01
-5.638024256696596694e+02 5.348811196892677344e+01
-3.264853798417744315e+02 4.650189693406091607e+01
-6.087143682548044126e+02 5.249248237103873294e+01
-4.354634256066672719e+02 4.606524296228253235e+01
-3.863917850422733409e+02 4.494684287984156867e+01
-4.084073782484543926e+02 4.411947771700729248e+01
-4.964126142509673514e+02 4.402460939627051317e+01
-3.468437844022337231e+02 5.589540406920405502e+01
-3.733567568296726904e+02 4.269967875849029326e+01
-5.654262797714360431e+02 4.347233030053649827e+01
-6.265832616711512628e+02 4.806883564382096807e+01
-4.670035901266995211e+02 6.364372066565040598e+01
-3.667028283358213230e+02 5.491158906376124804e+01
-3.814366828592426373e+02 4.640402968034946696e+01
-3.813664866254218850e+02 4.372462766449950777e+01
-3.794213750915949390e+02 4.492467896333394606e+01
-3.534470391216403300e+02 4.634719962447315567e+01
-4.674854792073460885e+02 5.031836499092595005e+01
-3.434611534215104029e+02 4.728896941448040536e+01
-5.812766256151671769e+02 4.233876414661387599e+01
-6.320755399726192536e+02 6.093897626031134251e+01
-5.317505958758268889e+02 5.533873909555483550e+01
-5.616085988706959142e+02 5.372413985091944966e+01
-6.017631586639687384e+02 5.604422128653982327e+01
-6.513884721930536443e+02 4.451397020901909940e+01
-6.965435982921800360e+02 5.013259226626620091e+01
-7.214195765158009408e+02 4.688681656420233423e+01
-5.165708080970556466e+02 5.368513042972696070e+01
-5.814469687678839591e+02 4.793349070925439293e+01
-5.916576604309598224e+02 5.432975498094241829e+01
-6.015796201716042333e+02 5.086390192578291192e+01
-7.814225954374519461e+02 4.667216167674313709e+01
-5.215990880137956083e+02 5.273501030435880210e+01
-5.515225097239504066e+02 4.941141345482958513e+01
-8.568478779112648454e+02 5.821975864203863438e+01
-8.316431332236937806e+02 5.181449119923907887e+01
-4.163247571041091533e+02 4.571229590513639351e+01
-6.263916238646414740e+02 4.880807882879702220e+01
-6.515021504891243467e+02 5.157976458826379229e+01
-5.519146039081035724e+02 6.275345144076050019e+01
-5.020951777191078804e+02 6.776667451252208707e+01
-4.819105840044980482e+02 6.355609064982398593e+01
-4.269677662935224021e+02 6.413457423215902509e+01
-6.766321434591587831e+02 5.462328421357396024e+01
-6.417144033016819549e+02 5.520978268674992506e+01
-7.264995178653549601e+02 5.181575972716154865e+01
-4.814952450320724324e+02 5.144981715012949053e+01
-8.815105974032774157e+02 5.320393681868037561e+01
-6.616076466284715707e+02 5.780223099375923113e+01
-6.214577302251706215e+02 5.235929969656936578e+01
-5.214534643800004687e+02 4.998220421868084884e+01
-6.817786543494070202e+02 5.613067064080238566e+01
-5.717676079234480540e+02 5.675519016694534002e+01
-6.767668942862698032e+02 5.481869579415472060e+01
-6.164718870166645956e+02 5.188904703603699886e+01
-5.214425031716829153e+02 5.020550952369620035e+01
-6.968427852951238037e+02 6.211964145620581235e+01
-6.864353801246369358e+02 5.016206443621906175e+01
-7.517069496694965665e+02 5.776815775299264288e+01
-6.318571597100741428e+02 6.233216094049770817e+01
-5.116094280537344616e+02 5.161843455692687854e+01
-4.714401760647691049e+02 5.043102647714793818e+01
-6.614956802710355532e+02 5.138965974597088859e+01
-7.415433330785992894e+02 5.219073749702080534e+01
-7.516558568541379373e+02 5.533952524352370972e+01
-8.369978144252777383e+02 6.417881829712887054e+01
-8.419955420582107308e+02 6.307038369445118065e+01
-5.615796171635942073e+02 5.585037661548980736e+01
