-5.468447547570075784e+01 6.966045618818662888e+01
-4.425288447845419881e+01 5.515478879000604451e+01
-4.157500969461973739e+01 5.778720384923528286e+01
-4.827304962442433833e+01 6.453516907273841241e+01
-4.720209138543742000e+01 6.549914166400010629e+01
-4.836283006481743740e+01 6.316406871735208028e+01
-4.124944609841275422e+01 5.486223430052564964e+01
-5.120107608831176549e+01 6.766440212654011077e+01
-4.148510613438443784e+01 5.454098908667191381e+01
-4.123068555159427717e+01 5.612081397317246001e+01
-4.430380362640553926e+01 6.015650146584065538e+01
-3.959499293212452642e+01 5.461115430662293591e+01
-3.736970314060121012e+01 5.168164701260035798e+01
-4.032779865713597900e+01 5.092392133325279957e+01
-4.541706909223281485e+01 5.785277606437926323e+01
-4.697737248074226812e+01 6.361164274652749384e+01
-4.946172928767911969e+01 6.776381767641781551e+01
-4.708474098215011594e+01 6.500336508858154616e+01
-4.648813982313784265e+01 6.243871104163379471e+01
-4.914579587071234101e+01 6.402967124381264341e+01
-5.353799556757404332e+01 6.865997593564171098e+01
-4.099229750921895032e+01 5.773568090181118606e+01
-4.278867240034412589e+01 5.665008549277717975e+01
-3.912507440465250852e+01 5.395669275541911247e+01
-3.859342695383616473e+01 5.454692510143800632e+01
-4.868112497795556948e+01 6.904823410454325483e+01
-3.925688215301129702e+01 5.325099585554966097e+01
-3.900154007324263716e+01 5.382662744598371063e+01
-4.374737212657468177e+01 6.001054626263464797e+01
-4.018711448482822135e+01 5.441301684110799641e+01
-4.007317618353955169e+01 5.860849135309631919e+01
-4.403174266414389848e+01 6.130425066062585415e+01
-4.318767209097717341e+01 5.794346584934196898e+01
-5.512756831214319675e+01 7.293241801596609264e+01
-4.516886337173089316e+01 6.176395262226371585e+01
-4.010451813096228335e+01 5.719221933454782913e+01
-4.628273833849098651e+01 6.065530695680956086e+01
-4.002487221310107657e+01 5.562292074512343021e+01
-4.124523912642207790e+01 5.465304433155652930e+01
-5.511850687980616215e+01 6.942820813668029700e+01
-4.926191613138640690e+01 6.443536727694346666e+01
-3.600174662145326465e+01 5.243232119353795895e+01
-4.346592793857664816e+01 5.694784400805129110e+01
-4.165430025724209173e+01 5.784859873584630208e+01
-4.458081418672550456e+01 5.962651993783209292e+01
-4.542244893385674231e+01 6.322072026248437027e+01
-4.296043469896086009e+01 5.762830863175978635e+01
-4.257244466126398663e+01 5.707216256758522377e+01
-4.184350604527620732e+01 5.883619516685204331e+01
-4.522500750534578629e+01 6.214989789124841479e+01
-3.987016500507552053e+01 5.231681201133524439e+01
-3.932308437631085241e+01 5.423282427419599117e+01
-4.826729920710786104e+01 6.194239242745319984e+01
-4.854304593545837321e+01 6.484148112813001319e+01
-4.990833675690466009e+01 6.563816171448308978e+01
-4.707804682989416278e+01 6.558179668871403578e+01
-4.977168229638645869e+01 6.550524425674008455e+01
-4.288190331102726560e+01 5.814988062362034782e+01
-4.580661512495097298e+01 6.123689472534996270e+01
-3.679908475744427676e+01 4.739191156390064918e+01
-4.069064128525579349e+01 5.542790868892012668e+01
-3.923411655283997845e+01 5.581404539472057280e+01
-3.724678706234946901e+01 5.281785543423742979e+01
-3.394400087003387512e+01 4.882685303635535234e+01
-4.074196352437340352e+01 5.680104377150675532e+01
-3.922677413536708002e+01 5.465135390088610734e+01
-3.187220586901360520e+01 4.418295122108810347e+01
-2.960589624169794121e+01 4.546364921424859773e+01
-4.467405580848009805e+01 6.025628716883701941e+01
-6.334010925775665157e+01 7.968115214571569993e+01
-3.996003832300857539e+01 5.805538194619117576e+01
-3.110819753785229480e+01 4.964988679590961596e+01
-3.138916439551238824e+01 5.072925697318634519e+01
-5.381926582907836121e+01 7.730616349572294155e+01
-3.993071904935628424e+01 5.669379059396801779e+01
-3.864959504653261746e+01 5.337450698354421519e+01
-3.410192644342060930e+01 4.815300286124597307e+01
-4.469538837271058895e+01 6.124879995950138323e+01
-5.747081013254447157e+01 7.209657950102339896e+01
-3.830893528274196314e+01 5.667080409773290484e+01
-3.330272791298109780e+01 4.757055442450071325e+01
-3.397582203303920778e+01 4.919143318201722082e+01
-2.771183490571435826e+01 4.552045090963966345e+01
-3.022062411779064561e+01 5.017441591351418140e+01
-3.751452062339753013e+01 5.213376534536524787e+01
-3.967897258937274785e+01 5.427039248421505846e+01
-3.310106556313159842e+01 5.096265428388642960e+01
-3.132095714765801020e+01 5.094285981794031670e+01
-3.134622945643090119e+01 4.850356257808788740e+01
-2.454323348045423714e+01 4.155444386726630768e+01
-3.074427502332140349e+01 4.581220115497753653e+01
-3.137021646194299507e+01 4.944014459781075743e+01
-2.927345138221943799e+01 4.617025280747157723e+01
-3.440779932342143610e+01 4.873701704842911653e+01
-3.879443886606981806e+01 5.377727722643139430e+01
-6.799024819601376635e+01 8.553261065350963577e+01
-5.301865664079018359e+01 7.274073089102378731e+01
-3.418273054432315661e+01 4.691354367022284322e+01
-3.534973656598787528e+01 4.962020818548512580e+01
-3.469120157132650206e+01 4.851049994057822090e+01
-3.920839166841904699e+01 5.395096883808219701e+01
-3.425101433669011186e+01 4.953421441846529660e+01
-3.785980497452440119e+01 5.496252081247924792e+01
-3.259512351884403358e+01 4.810396339460840665e+01
-3.275827758859615102e+01 4.880543989544598560e+01
-3.355512885846763993e+01 5.113526270062573076e+01
-3.070718812885439064e+01 4.596448143684115450e+01
-3.053831968408990960e+01 4.871778249576258446e+01
-3.574962457562591567e+01 5.091021002655426742e+01
-3.738436700081487629e+01 5.247475909001614269e+01
-4.226062061639898815e+01 5.882036015224542780e+01
-3.312035323514195539e+01 4.953321423490905318e+01
-4.030084257282766202e+01 5.762507238362237416e+01
-3.305212505924252042e+01 4.943688153405911123e+01
-3.107236725945891820e+01 4.810736107022832897e+01
-3.181617489843907620e+01 4.728222628131742766e+01
-3.263800374456044295e+01 4.865329403151052645e+01
-4.158871331853547559e+01 5.940462898300330608e+01
-3.062216826331180286e+01 4.572241290787102486e+01
-3.363036734260818861e+01 4.894802662894335299e+01
-3.796210422224282865e+01 5.392148949213901687e+01
-4.550647014028354675e+01 6.727563521492184861e+01
-3.688431139903905631e+01 5.805352988451613783e+01
-3.180544460155998365e+01 4.969620254022838424e+01
-3.076028486791429728e+01 4.712401237041593305e+01
-3.224660409310340725e+01 4.830974245651256638e+01
-3.242270891642468911e+01 4.911350956878091978e+01
-3.174124119566275581e+01 5.345699331436742341e+01
-3.186834563913526708e+01 5.011502619703473727e+01
-2.882308734619126867e+01 4.700052662907301482e+01
-4.883824030930278326e+01 6.676658186311338739e+01
-3.939398897760171536e+01 5.921311161185368377e+01
-3.504869037909325158e+01 5.727624932236990674e+01
-3.963213952946682639e+01 6.047779645793912806e+01
-3.208017585839283470e+01 4.900858404469432372e+01
-3.547739874977093422e+01 5.465612684774034591e+01
-3.206708436234715265e+01 5.217723614301346657e+01
-3.310646961933821331e+01 5.654263609575299654e+01
-3.221280840330022954e+01 5.163063110658278987e+01
-3.650783382669894195e+01 5.832401601085549459e+01
-3.569300034849749892e+01 5.540254825389046545e+01
-3.327817526326594333e+01 5.259614546385846268e+01
-3.484799410600003711e+01 5.629898210633542988e+01
-3.394083346719300920e+01 5.332943559752182239e+01
-4.362359944636539666e+01 6.450461068315631508e+01
-3.843056047949127674e+01 5.862079876873902862e+01
-2.773978234562023815e+01 4.796020595122123353e+01
-3.018922136651870858e+01 5.220271235000249277e+01
-3.294434920354583340e+01 5.505217614663235537e+01
-4.216763456012009215e+01 6.556785565276443606e+01
-4.580259263916494206e+01 7.048605547328183718e+01
-4.139197857136988290e+01 6.536151728866366284e+01
-4.207353598700218811e+01 6.624825377312562580e+01
-3.661205152157768339e+01 5.795378000291343312e+01
-3.878115917509879296e+01 5.926114004642858646e+01
-3.294888610140141338e+01 5.588466522870609765e+01
-3.197800993848076700e+01 5.327852470285780129e+01
-3.339049022301652769e+01 5.854736116667314150e+01
-3.411735641595588220e+01 5.976899701660361330e+01
-3.106941393296944653e+01 5.433129863729211451e+01
-3.119901163489263141e+01 5.241235895327473315e+01
-4.073794312760481517e+01 6.106086547481108795e+01
-3.943752675460558521e+01 6.067960392535720615e+01
-4.098950885887574458e+01 6.019848158446859543e+01
-3.173910152510169169e+01 5.460237620503741596e+01
-3.054759712837926955e+01 5.277523610250133146e+01
-4.057204372114944846e+01 6.543417809496223470e+01
-3.182194723961017857e+01 5.343527395852682105e+01
-3.786855260640629695e+01 6.214437198891926784e+01
-4.038369013769477078e+01 6.583797254309615710e+01
-3.597166730499509413e+01 5.517453375103415425e+01
-3.065548223225160740e+01 5.188903487736395448e+01
-3.313297151822092701e+01 5.471260578694402454e+01
-3.461010946950195688e+01 5.677106696575109623e+01
-3.697287670549702199e+01 6.006755598519897177e+01
-4.596281714606537605e+01 6.949086626492739072e+01
-4.638669724181786336e+01 6.876170805303704014e+01
-3.307988138904799058e+01 5.797245399174153135e+01
