3.208647616852047246e-01 3.362657914721103314e-01
2.621274531494135474e-01 3.522433004806906354e-01
2.018600051568702203e-01 3.374703808356536161e-01
2.261342746296997330e-01 1.601422101582112290e-01
2.414928503902315227e-01 3.652850099870664224e-01
2.986018163377272550e-01 3.050217307143703316e-01
2.211587745398322369e-01 2.411217493324327443e-01
2.625010881198024393e-01 3.120801841873631632e-01
2.507690818037914271e-01 3.464036025259664697e-01
2.105057431736240825e-01 3.778333558278955673e-01
2.019480656981383904e-01 5.361413481598099606e-01
1.683789585958311852e-01 4.090039892087102835e-01
1.749638227911587407e-01 4.022639700658126594e-01
3.391681448469410221e-01 4.373389567256879551e-01
2.258360577702783756e-01 4.327884032968096761e-01
1.576320073974158409e-01 5.573130459417237059e-01
2.426045179840996824e-01 3.236389669253449952e-01
3.268183318378702351e-01 4.425214456031245636e-01
2.846006831171966622e-01 5.132368493046995939e-01
1.300691065005855629e-01 3.159911002792559209e-01
2.926967931896726216e-01 4.584451506068977222e-01
1.076040652754028937e-01 4.491957400423547964e-01
2.798643594240757260e-01 3.931185578004737780e-01
1.718034082088076009e-01 3.666898502935283521e-01
2.019230755390930276e-01 3.984025139186486153e-01
2.980721321604289931e-01 3.703129263696208207e-01
2.518870041229313017e-01 1.534051273077420285e-01
2.073460910519989708e-01 3.113867780366150195e-01
2.453399942821088697e-01 4.924826527400326115e-01
2.100046913708137342e-01 3.442623529415578809e-01
1.686247108834555697e-01 4.387097454339935476e-01
1.898304385077561052e-01 4.100560008899372111e-01
3.408376148791625315e-01 5.116091101308970490e-01
4.156524892459005915e-01 5.014441111229289705e-01
1.837395818717302010e-01 3.391461119350203668e-01
2.332566600454063499e-01 4.085579969537441181e-01
1.827360435329971056e-01 2.983566027282271160e-01
1.428006177604601579e-01 3.683855958836701472e-01
2.472909176797234709e-01 4.904684643024771473e-01
1.780429629600790986e-01 2.790823395382194261e-01
3.574312938987079247e-01 3.505956898721286352e-01
2.313094721744042848e-01 3.834172944403353434e-01
1.612359567318140674e-01 1.307323751253029742e-01
2.555735715597735047e-01 3.172685846519797681e-01
3.221662148459287223e-01 3.030901922048944153e-01
2.435546071726989448e-01 2.963610058614264964e-01
2.359548048630167316e-01 4.173238816240646964e-01
2.551116041950768909e-01 2.953409116901790643e-01
2.281213702395980536e-01 4.145713950880912657e-01
3.147161853815624855e-01 5.476770689331190711e-01
1.386251355917247630e-01 5.119219834918035117e-01
1.177070692078144576e-01 4.652439778397914338e-01
3.098502080766141198e-01 3.259554516097904475e-01
2.662424569937199004e-01 3.759674311212385378e-01
2.446775879873779036e-01 2.765841736261259731e-01
1.427528920794009781e-01 3.307508817991196559e-01
2.614253405721241874e-01 2.956068621560536958e-01
2.001918370136743786e-01 3.321854059076643217e-01
1.767717749618838985e-01 1.696057949183364943e-01
1.771861835766975479e-01 4.609656209860210629e-01
3.781942630785232740e-01 5.688668813437798288e-01
3.503600956202095329e-01 4.826813866638213768e-01
2.342439295242575714e-01 6.225652335416131944e-01
1.148733080361012404e-01 6.524792328338472336e-01
2.217098796860075272e-01 7.974901346561321658e-01
2.005342512822982926e-01 5.085981628922208175e-01
2.870980831658309085e-01 6.061854819610923428e-01
2.235574979164462739e-01 6.323605314864442217e-01
3.571014036988335860e-01 2.788110080035052230e-01
1.929922377626285268e-01 7.154845385913356504e-01
2.115190212162296468e-01 2.741169583166944701e-01
4.772880466697329571e-02 6.708151466112977079e-01
1.635093425365793940e-01 4.173113763146327759e-01
2.194641602793261093e-01 6.779431787941869736e-01
5.056384628253351998e-02 3.283096342909499477e-01
2.109780850893947513e-01 7.372250709300234295e-01
1.869523998998083858e-01 6.657038606676524140e-01
3.017257476442668507e-01 4.417816078259541035e-01
3.461772712983243183e-01 4.320948279254246960e-01
3.088719191728213076e-01 6.970105051135254692e-01
2.309869501821880111e-01 8.163315201565775059e-01
1.904815693608818139e-01 5.602259645433415036e-01
1.679843503036228536e-01 6.288841015257791156e-01
3.750779086752684122e-01 4.126655375812799953e-01
1.086132138880412101e-01 8.698641226564982065e-02
2.103149414745729140e-01 5.701371207297417643e-01
2.350726304064486571e-01 7.297354993358805553e-01
1.864695311238713238e-01 7.559128254889967424e-01
2.934936188160955917e-01 4.039533967903018441e-01
2.601315814626032896e-01 4.392195387838253584e-01
3.028223941870559210e-01 4.574171224203155139e-01
2.807956812602651064e-01 4.803554928871975327e-01
3.802977006586941711e-01 3.584782701121767001e-01
1.425425386548241080e-01 6.043759293095278817e-01
4.965378222329436264e-02 6.074794225253314917e-01
3.582789461599748537e-01 4.958599787002919146e-01
-5.478614374137116827e-02 2.733494840282216787e-01
2.178302585408326830e-01 6.417881257838573550e-01
2.559856610080006867e-01 4.576941947081446527e-01
3.203383442280102744e-01 8.763396666889247122e-01
2.621848372267564509e-01 7.853952327096086483e-01
2.175453406049012717e-01 4.553836958056294848e-01
2.522638475188804796e-01 2.377498073020692937e-01
2.727973882583685783e-01 4.229044193604354351e-01
2.889391110587271605e-01 4.960075950421212188e-01
5.716527750319585488e-01 3.835385206150317972e-01
2.941115576860425795e-01 4.567435107825278950e-01
3.429854517438974959e-01 3.183646873003834199e-01
3.619126546075014939e-01 3.385143581164525295e-01
1.944210742079456322e-01 2.510807808072417768e-01
2.435350948733312482e-01 3.718337354887037427e-01
1.877157436189741402e-01 3.606507583093134794e-01
3.390196562064424213e-01 5.989955372111012144e-01
2.194367064448035087e-01 4.582111211726896394e-01
3.117872697104442370e-01 3.359953839847726331e-01
3.381988564557648069e-01 1.152018912318296229e+00
2.530896078203673794e-01 4.076523345003375542e-01
3.091488123297709834e-01 5.047777984585305466e-01
2.621759268686192912e-01 2.383978600092043487e-01
2.817142537488083187e-01 4.273015562431072834e-01
2.781646532117035275e-01 2.547889979352020440e-01
5.086673587037111588e-01 4.226422741721863607e-01
2.636142522909394881e-01 4.380859391104235390e-01
2.343335641501763100e-01 3.797686888559791418e-01
1.446495534490419288e-01 3.085471246458644234e-01
3.476973668405889950e-01 3.605299886190109770e-01
3.732021529402653193e-01 1.646117351732537815e-01
3.761909347271859549e-01 4.129920099282718970e-01
3.344294438924018120e-01 3.318276539505947698e-01
2.242212806009413473e-01 3.196304373673107824e-01
6.191968391182048337e-02 1.083082028375457612e-01
1.422774181482922007e-02 2.318228885181587429e-01
4.541700640370063824e-02 1.668036046518541204e-01
-6.696459324110770606e-02 2.982637678706041573e-01
2.867835315053876011e-01 1.618428000187585036e-01
3.456519569074751885e-01 2.863072911520688213e-01
1.500877400378623494e-01 2.594397033798603314e-01
2.316288541833461112e-01 4.564132023696106377e-01
2.720342690305012634e-01 3.654893592313542827e-01
1.946517092974529572e-01 3.658985918598984255e-01
2.047418137861141685e-01 1.814191084225926787e-01
1.233198765633190530e-01 1.509283869913765896e-01
1.527321945736162534e-01 3.125066321661449931e-01
1.526037532738931390e-01 4.546486722070440800e-01
7.727239775180858028e-02 3.057309131043665085e-01
2.143142667392473610e-01 9.752974729575848711e-02
6.660666394896469500e-02 1.747026399647780004e-01
1.197279409808088557e-01 1.902279508053787704e-01
1.291724621780616644e-01 1.494875566940406797e-01
1.100973683808466608e-01 2.707125440164519503e-01
7.670506589865511149e-04 1.775891495616508664e-01
8.161858610582217732e-04 1.606743124104313969e-01
-2.664054234583565495e-02 8.459593070238066725e-02
2.824667378038209220e-01 2.333841415841060862e-01
3.084721402522913047e-01 1.368809934282615992e-01
2.542398771742458985e-01 3.016805561415850101e-01
1.283929170429371491e-01 2.172894817981501081e-01
2.723620198535159354e-01 2.403706665286753918e-01
1.570477111357715949e-01 1.679269771432790603e-01
1.282090938401334590e-01 1.470574846107436662e-01
1.642467495550237744e-01 2.151348201569834306e-01
1.598356299779425949e-01 4.090055798907826223e-01
2.832440980809488029e-01 3.835671039329620058e-01
1.508333128466337325e-01 1.778667554318471011e-01
9.949116545309005799e-02 3.219490208779086093e-01
1.906289773037232460e-01 4.164452118798217528e-01
6.583748524627136556e-02 5.038202326518699259e-01
6.094309239544498658e-02 3.975496481131099991e-01
6.020832831992228851e-02 2.519184458996382436e-01
-8.652132645671570255e-02 2.727950903126238891e-01
1.292470847930685118e-01 2.065236685167107789e-01
1.544597570197664416e-01 2.296940203160434679e-01
9.273043076901560378e-02 1.532316772607511257e-01
1.562506287832894913e-01 2.938428354417836896e-01
1.012706448525559910e-01 2.695001760139512093e-01
1.603137251515190653e-01 3.018006437816472820e-01
2.668982310853260653e-01 1.787422757402655771e-01
1.441881934492329487e-01 2.173217487172358631e-01
